Erorrs LQ [array(0.00623845)]
Errors TR [array(0.00177964), array(0.00175103)]
# points LQ [array(169)]
# points TR [array(1369), array(2862)]
Step By Step times LQ [array([0.26900077, 0.37299871, 0.48100877, 0.64125276, 0.78825665,
       0.96398687, 1.08997512, 1.20961547, 1.33458996, 1.46960235,
       1.59954476, 1.74058342, 1.88123488, 2.02180624, 2.1467905 ,
       2.25615621, 2.39097714, 2.51598096, 2.6409502 , 2.76593661,
       2.89092326, 3.03159094, 3.1408968 , 3.29713106, 3.46183753,
       3.65128756, 3.8075695 , 4.01069045, 4.20981932, 4.37017536,
       4.57264543, 4.76458311, 4.96464324, 5.15618348, 5.35219979,
       5.57298779, 5.78321075, 5.98636317, 6.22483706, 6.44113588])]
Step By Step times TR [array([0.20537233, 0.21337295, 0.21937203, 0.22537017, 0.23237062,
       0.23737049, 0.24437141, 0.24937105, 0.25537062, 0.26237154,
       0.26937199, 0.27837348, 0.2853725 , 0.29037261, 0.2973702 ,
       0.3033731 , 0.30937076, 0.31537151, 0.32137179, 0.32637048,
       0.33237863, 0.3373723 , 0.34337091, 0.35037088, 0.35637021,
       0.36237049, 0.36837053, 0.37437034, 0.38037038, 0.38637042,
       0.39237022, 0.3983705 , 0.40437055, 0.4093709 , 0.41637063,
       0.4223702 , 0.42837071, 0.43437099, 0.4403708 , 0.44637632]), array([0.72048593, 0.75173306, 0.76735497, 0.79860091, 0.81422377,
       0.84547091, 0.87672615, 0.8923409 , 0.92358923, 0.95483541,
       0.98608208, 1.00170565, 1.03295279, 1.06419826, 1.07982016,
       1.11924028, 1.13486528, 1.16611195, 1.21243668, 1.24243665,
       1.27143645, 1.29743743, 1.3244381 , 1.35243702, 1.38443804,
       1.42043734, 1.451437  , 1.48543763, 1.52243781, 1.55843711,
       1.59043765, 1.62143779, 1.65443683, 1.68243814, 1.7074368 ,
       1.73245049, 1.75744581, 1.78443646, 1.81143618, 1.8374362 ])]
times [0.05 0.1  0.15 0.2  0.25 0.3  0.35 0.4  0.45 0.5  0.55 0.6  0.65 0.7
 0.75 0.8  0.85 0.9  0.95 1.   1.05 1.1  1.15 1.2  1.25 1.3  1.35 1.4
 1.45 1.5  1.55 1.6  1.65 1.7  1.75 1.8  1.85 1.9  1.95 2.  ]
